20 20 20 20
-48  -73  -61  -17  112  -155  -98   15  -100  194  -119  163  -153  -178    0  141  -102  -84  117  169
-80   51  165  -133  -76  -170  -195  164  -191  -106  184  -145   47   92  -39  -33  168  119  -25   26
-101   79   18  -139   90  -62  -55   24   96   33  -154  -70    9    5  -193  -115  146   63  -37  -148
-67  135    8  -68  -82  -189   40   38   94   57  -59   85  -174   13  -87  147  -198  181   -5   42
-122  134  -151   98  154  -18  -159  -19  175  -44  139  -50  157   54   64   -3  -65  110  -96   36
-199  104  -93   -8  -127   97  187   39  186  -52  -92   20  -71  -99  162   75  101  -131  -77  -20
118   -6  -112  -135  -105  -66  -125  -167  -184  -190   73  -107  137  140  -21  -72  136   31  103  153
 -1   45  108  109   87   -7  150   72    2  -97   17  -15   61  120  -113    4   -4   19  124   -2
-158  161  132  -111  -162   69   67  -146  106  170  -140  -110  -94  -64  191   21   46  155  -10  179
-129  178   52  -157  -49  -171   12   29  174  156  -156   16  -186  -89  -108   23   10  200  177   80
-118   58  166  123   28  149  121  142  -123  -109  -13  131  188  -56  -103  189  125  -173    6  143
 74  185  122   -9   99  -22  -165  -54  -134  -91  -138  -160    7   37    3  144  -175   68  160  113
-163  128  -41  105  102  114   55  196  -137  -183  -114  -120  -57   41  -185  180  -75   25   59  -79
-23   66  -181  -117  -176  133  -86    1  -132  -182  -150  -143  -14  -63   62  -180   91  -126   43  -196
-144  -60  -142  115   32  -78   70   30  111  -169   84  171  107  -88  -188  -47   88  127   78  -36
-95   93  -168  -34  -29  100  152  -83   34  -26  192  -81  -187  159  -42   56  -192  130   65  138
126   35  182   48  -69  -149  -32   82  -194  148  151  116  -130   49  -121  -53  -124  176   11  -31
-74  -11  -85  -128   81  -161  -136  197  -58  190  -164   76  -141  -147  -179  -24  -90  -46  -35  -43
 60  -152   71  -166  145  129  -27  172  -16  -38   22   44  -197  -104  -177   14   89  -116   53   77
 27  195   86   83   50  -45  -12  183  -40  199   95  193  173  167  -51  198  -172  -30  -28  158

-149  146  -137  132  199  159  -66  150  135  -187  116  -178  -106  -169  -119  -73  -152  141  -17  -188
-151   91  -141  -147  -77  140    9  -74   18  107   61  111  -160  -181  -117  -196  124   51  -159  -198
 95  -59  -12  -176  152  115   69  -19  122  195  -143  130  108  -87    2  118  -153  -127  -91   26
 46   34  -113  191   30   71   74  185   40  149   12  -102  -139   89   41  -172  -33   79   48   20
177  157  -79  -105   -2   39  190  -190   45   29  114  -45  -95  -104   72  -62  -111  -158   83  194
-110   66  100   31  -108  -39  -47  -118    1  182   96  -60  -131  -10  162  -184  -80  -64  -58  -145
-75  -25  -27  137   98  109  -30  -189   32  -92  -78  154  117    6  -191   97  166  -138  183   85
-136   62  -156   11  -14  129  -56   37  133  -195  125  181  -38  127   38  -112  128  -82  -144  -35
139   59  -57  -40  -185  176  161  -65   35   43    4   16  103  153  121  -179  -168   -6  -120  136
-173  -109  -133  -67  196  120   -3  -170  -31  134  -197  -193  -13  -177  178  -42  -122  -46  -155  -186
  0  -76  -123  -22  -134   57  -69  -93  110  -70  -97  200  169  198   49   21  155  -81    7  -52
-18   -9   99    3  -162  193  -34  -54  -125  131   44   28  -194  173  -24   33  -182  -103   92  -23
143   73  -98  165  -29  145  158  174   24   -1   77   13   25   14  160   56  -28   87  113  -116
-150  119  -99  168  -183   54  184  -142  147  -20  -128   65  -68  164  105  197  -126  -89  -199  -167
148  -72  -129  179  -88  -146   70  -85  188  -84   22  -44  187  -100   67  -51  -36   47  172  -140
-50  -157  -135  -43  -130   10  -83  171  167  -175  -192   86   19   68  -41  -165  142   -8  -166  -49
 90  -71  -21  -107  112  123  -53   58  163  -96    8  -48   64   82  -55  -101  -90   42  151   27
 36   94  138  -124  -37   53  -32  170  189  175  104  -61   55   63  -94  -164  -26   78   60   -7
-163   -4   52   81  186  156  -63  -154  -121  -11  -171  144   93  -16   23  -114  102  -148  -15  126
106   50  -180   88  -86  -115  -174  192   76  -161  180  101   80   84  -132   75   15    5   17   -5
